jails: 
  grotte1: 
    world: world
    x: -888.697618542202
    y: 66.0
    z: 541.9150840516832
    yaw: 343.48145
    pitch: 12.3818245
  grotte2: 
    world: world
    x: -896.6999999880791
    y: 66.0
    z: 543.3000000119209
    yaw: 302.30566
    pitch: 8.139065
  high: 
    world: world
    x: -875.5027098830051
    y: 138.0
    z: 620.5607581659065
    yaw: 179.57593
    pitch: 21.428802
  prison: 
    world: world
    x: -914.3085351186868
    y: 126.0
    z: 692.4889378449074
    yaw: -180.11562
    pitch: 45.459145
