spawns: 
  default: 
    world: world
    x: -887.5128141298595
    y: 74.0
    z: 584.6640806203446
    yaw: 95.38196
    pitch: 64.62582
