world: flatbuild
x: 326.71649611495775
y: 4.0
z: -706.9660012900907
yaw: 188.51909
pitch: 18.557842
name: build
