world: monde
x: 264.282818966517
y: 65.0
z: -47.55316453095543
yaw: 207.60358
pitch: 35.240368
name: safe
